32
# x y z
-15	0	0
-14.032258064516	0	0
-13.064516129032	0	0
-12.096774193548	0	0
-11.129032258065	0	0
-10.161290322581	0	0
-9.1935483870968	0	0
-8.2258064516129	0	0
-7.258064516129	0	0
-6.2903225806452	0	0
-5.3225806451613	0	0
-4.3548387096774	0	0
-3.3870967741935	0	0
-2.4193548387097	0	0
-1.4516129032258	0	0
-0.48387096774194	0	0
0.48387096774194	0	0
1.4516129032258	0	0
2.4193548387097	0	0
3.3870967741935	0	0
4.3548387096774	0	0
5.3225806451613	0	0
6.2903225806452	0	0
7.258064516129	0	0
8.2258064516129	0	0
9.1935483870968	0	0
10.161290322581	0	0
11.129032258065	0	0
12.096774193548	0	0
13.064516129032	0	0
14.032258064516	0	0
15	0	0
225
# a b m n err i ip iperr k r rhoa u valid 
1	4	2	3	0.00000000000000e+00	0.00000000000000e+00	0.00000000000000e+00	0.00000000000000e+00	6.08050191017379e+00	0.00000000000000e+00	1.00124310994941e+02	0.00000000000000e+00	1
2	5	3	4	0.00000000000000e+00	0.00000000000000e+00	0.00000000000000e+00	0.00000000000000e+00	6.08050191017379e+00	0.00000000000000e+00	1.00130404014176e+02	0.00000000000000e+00	1
3	6	4	5	0.00000000000000e+00	0.00000000000000e+00	0.00000000000000e+00	0.00000000000000e+00	6.08050191017379e+00	0.00000000000000e+00	1.00117159029551e+02	0.00000000000000e+00	1
4	7	5	6	0.00000000000000e+00	0.00000000000000e+00	0.00000000000000e+00	0.00000000000000e+00	6.08050191017379e+00	0.00000000000000e+00	1.00119918744392e+02	0.00000000000000e+00	1
5	8	6	7	0.00000000000000e+00	0.00000000000000e+00	0.00000000000000e+00	0.00000000000000e+00	6.08050191017379e+00	0.00000000000000e+00	1.00108852899760e+02	0.00000000000000e+00	1
6	9	7	8	0.00000000000000e+00	0.00000000000000e+00	0.00000000000000e+00	0.00000000000000e+00	6.08050191017379e+00	0.00000000000000e+00	1.00098095973222e+02	0.00000000000000e+00	1
7	10	8	9	0.00000000000000e+00	0.00000000000000e+00	0.00000000000000e+00	0.00000000000000e+00	6.08050191017379e+00	0.00000000000000e+00	1.00090989991019e+02	0.00000000000000e+00	1
8	11	9	10	0.00000000000000e+00	0.00000000000000e+00	0.00000000000000e+00	0.00000000000000e+00	6.08050191017379e+00	0.00000000000000e+00	1.00067150724762e+02	0.00000000000000e+00	1
9	12	10	11	0.00000000000000e+00	0.00000000000000e+00	0.00000000000000e+00	0.00000000000000e+00	6.08050191017379e+00	0.00000000000000e+00	1.00048472084756e+02	0.00000000000000e+00	1
10	13	11	12	0.00000000000000e+00	0.00000000000000e+00	0.00000000000000e+00	0.00000000000000e+00	6.08050191017379e+00	0.00000000000000e+00	9.99821437520560e+01	0.00000000000000e+00	1
11	14	12	13	0.00000000000000e+00	0.00000000000000e+00	0.00000000000000e+00	0.00000000000000e+00	6.08050191017379e+00	0.00000000000000e+00	9.99009246219192e+01	0.00000000000000e+00	1
12	15	13	14	0.00000000000000e+00	0.00000000000000e+00	0.00000000000000e+00	0.00000000000000e+00	6.08050191017379e+00	0.00000000000000e+00	9.97264394256907e+01	0.00000000000000e+00	1
13	16	14	15	0.00000000000000e+00	0.00000000000000e+00	0.00000000000000e+00	0.00000000000000e+00	6.08050191017379e+00	0.00000000000000e+00	9.93836826611918e+01	0.00000000000000e+00	1
14	17	15	16	0.00000000000000e+00	0.00000000000000e+00	0.00000000000000e+00	0.00000000000000e+00	6.08050191017379e+00	0.00000000000000e+00	9.87220492145243e+01	0.00000000000000e+00	1
15	18	16	17	0.00000000000000e+00	0.00000000000000e+00	0.00000000000000e+00	0.00000000000000e+00	6.08050191017379e+00	0.00000000000000e+00	9.75263600324156e+01	0.00000000000000e+00	1
16	19	17	18	0.00000000000000e+00	0.00000000000000e+00	0.00000000000000e+00	0.00000000000000e+00	6.08050191017380e+00	0.00000000000000e+00	9.62709848590753e+01	0.00000000000000e+00	1
17	20	18	19	0.00000000000000e+00	0.00000000000000e+00	0.00000000000000e+00	0.00000000000000e+00	6.08050191017378e+00	0.00000000000000e+00	9.57549266080126e+01	0.00000000000000e+00	1
18	21	19	20	0.00000000000000e+00	0.00000000000000e+00	0.00000000000000e+00	0.00000000000000e+00	6.08050191017381e+00	0.00000000000000e+00	9.43729285014653e+01	0.00000000000000e+00	1
19	22	20	21	0.00000000000000e+00	0.00000000000000e+00	0.00000000000000e+00	0.00000000000000e+00	6.08050191017378e+00	0.00000000000000e+00	9.38367028626413e+01	0.00000000000000e+00	1
20	23	21	22	0.00000000000000e+00	0.00000000000000e+00	0.00000000000000e+00	0.00000000000000e+00	6.08050191017378e+00	0.00000000000000e+00	9.52214251336578e+01	0.00000000000000e+00	1
21	24	22	23	0.00000000000000e+00	0.00000000000000e+00	0.00000000000000e+00	0.00000000000000e+00	6.08050191017381e+00	0.00000000000000e+00	9.66235626234896e+01	0.00000000000000e+00	1
22	25	23	24	0.00000000000000e+00	0.00000000000000e+00	0.00000000000000e+00	0.00000000000000e+00	6.08050191017378e+00	0.00000000000000e+00	9.76275815405734e+01	0.00000000000000e+00	1
23	26	24	25	0.00000000000000e+00	0.00000000000000e+00	0.00000000000000e+00	0.00000000000000e+00	6.08050191017380e+00	0.00000000000000e+00	9.84826001837356e+01	0.00000000000000e+00	1
24	27	25	26	0.00000000000000e+00	0.00000000000000e+00	0.00000000000000e+00	0.00000000000000e+00	6.08050191017380e+00	0.00000000000000e+00	9.91222190727695e+01	0.00000000000000e+00	1
25	28	26	27	0.00000000000000e+00	0.00000000000000e+00	0.00000000000000e+00	0.00000000000000e+00	6.08050191017378e+00	0.00000000000000e+00	9.95009199413090e+01	0.00000000000000e+00	1
26	29	27	28	0.00000000000000e+00	0.00000000000000e+00	0.00000000000000e+00	0.00000000000000e+00	6.08050191017381e+00	0.00000000000000e+00	9.97325753620284e+01	0.00000000000000e+00	1
27	30	28	29	0.00000000000000e+00	0.00000000000000e+00	0.00000000000000e+00	0.00000000000000e+00	6.08050191017378e+00	0.00000000000000e+00	9.98798771490760e+01	0.00000000000000e+00	1
28	31	29	30	0.00000000000000e+00	0.00000000000000e+00	0.00000000000000e+00	0.00000000000000e+00	6.08050191017378e+00	0.00000000000000e+00	9.99619962959691e+01	0.00000000000000e+00	1
29	32	30	31	0.00000000000000e+00	0.00000000000000e+00	0.00000000000000e+00	0.00000000000000e+00	6.08050191017381e+00	0.00000000000000e+00	1.00006260910011e+02	0.00000000000000e+00	1
1	6	3	4	0.00000000000000e+00	0.00000000000000e+00	0.00000000000000e+00	0.00000000000000e+00	1.82415057305214e+01	0.00000000000000e+00	1.00630932844353e+02	0.00000000000000e+00	1
2	7	4	5	0.00000000000000e+00	0.00000000000000e+00	0.00000000000000e+00	0.00000000000000e+00	1.82415057305214e+01	0.00000000000000e+00	1.00597131695231e+02	0.00000000000000e+00	1
3	8	5	6	0.00000000000000e+00	0.00000000000000e+00	0.00000000000000e+00	0.00000000000000e+00	1.82415057305214e+01	0.00000000000000e+00	1.00585160177143e+02	0.00000000000000e+00	1
4	9	6	7	0.00000000000000e+00	0.00000000000000e+00	0.00000000000000e+00	0.00000000000000e+00	1.82415057305214e+01	0.00000000000000e+00	1.00564625685906e+02	0.00000000000000e+00	1
5	10	7	8	0.00000000000000e+00	0.00000000000000e+00	0.00000000000000e+00	0.00000000000000e+00	1.82415057305214e+01	0.00000000000000e+00	1.00505614262643e+02	0.00000000000000e+00	1
6	11	8	9	0.00000000000000e+00	0.00000000000000e+00	0.00000000000000e+00	0.00000000000000e+00	1.82415057305214e+01	0.00000000000000e+00	1.00439556364613e+02	0.00000000000000e+00	1
7	12	9	10	0.00000000000000e+00	0.00000000000000e+00	0.00000000000000e+00	0.00000000000000e+00	1.82415057305214e+01	0.00000000000000e+00	1.00350271876196e+02	0.00000000000000e+00	1
8	13	10	11	0.00000000000000e+00	0.00000000000000e+00	0.00000000000000e+00	0.00000000000000e+00	1.82415057305214e+01	0.00000000000000e+00	1.00179060980897e+02	0.00000000000000e+00	1
9	14	11	12	0.00000000000000e+00	0.00000000000000e+00	0.00000000000000e+00	0.00000000000000e+00	1.82415057305214e+01	0.00000000000000e+00	9.98995212340216e+01	0.00000000000000e+00	1
10	15	12	13	0.00000000000000e+00	0.00000000000000e+00	0.00000000000000e+00	0.00000000000000e+00	1.82415057305214e+01	0.00000000000000e+00	9.94363804372199e+01	0.00000000000000e+00	1
11	16	13	14	0.00000000000000e+00	0.00000000000000e+00	0.00000000000000e+00	0.00000000000000e+00	1.82415057305214e+01	0.00000000000000e+00	9.85615308980989e+01	0.00000000000000e+00	1
12	17	14	15	0.00000000000000e+00	0.00000000000000e+00	0.00000000000000e+00	0.00000000000000e+00	1.82415057305214e+01	0.00000000000000e+00	9.69083208349719e+01	0.00000000000000e+00	1
13	18	15	16	0.00000000000000e+00	0.00000000000000e+00	0.00000000000000e+00	0.00000000000000e+00	1.82415057305214e+01	0.00000000000000e+00	9.41491025282020e+01	0.00000000000000e+00	1
14	19	16	17	0.00000000000000e+00	0.00000000000000e+00	0.00000000000000e+00	0.00000000000000e+00	1.82415057305214e+01	0.00000000000000e+00	9.08495581941972e+01	0.00000000000000e+00	1
15	20	17	18	0.00000000000000e+00	0.00000000000000e+00	0.00000000000000e+00	0.00000000000000e+00	1.82415057305214e+01	0.00000000000000e+00	8.89139283829063e+01	0.00000000000000e+00	1
16	21	18	19	0.00000000000000e+00	0.00000000000000e+00	0.00000000000000e+00	0.00000000000000e+00	1.82415057305214e+01	0.00000000000000e+00	8.71750955727394e+01	0.00000000000000e+00	1
17	22	19	20	0.00000000000000e+00	0.00000000000000e+00	0.00000000000000e+00	0.00000000000000e+00	1.82415057305214e+01	0.00000000000000e+00	8.30403041563075e+01	0.00000000000000e+00	1
18	23	20	21	0.00000000000000e+00	0.00000000000000e+00	0.00000000000000e+00	0.00000000000000e+00	1.82415057305213e+01	0.00000000000000e+00	8.05459755278552e+01	0.00000000000000e+00	1
19	24	21	22	0.00000000000000e+00	0.00000000000000e+00	0.00000000000000e+00	0.00000000000000e+00	1.82415057305213e+01	0.00000000000000e+00	8.29333292834162e+01	0.00000000000000e+00	1
20	25	22	23	0.00000000000000e+00	0.00000000000000e+00	0.00000000000000e+00	0.00000000000000e+00	1.82415057305214e+01	0.00000000000000e+00	8.73762115761298e+01	0.00000000000000e+00	1
21	26	23	24	0.00000000000000e+00	0.00000000000000e+00	0.00000000000000e+00	0.00000000000000e+00	1.82415057305214e+01	0.00000000000000e+00	9.10924325157777e+01	0.00000000000000e+00	1
22	27	24	25	0.00000000000000e+00	0.00000000000000e+00	0.00000000000000e+00	0.00000000000000e+00	1.82415057305214e+01	0.00000000000000e+00	9.40244929341075e+01	0.00000000000000e+00	1
23	28	25	26	0.00000000000000e+00	0.00000000000000e+00	0.00000000000000e+00	0.00000000000000e+00	1.82415057305214e+01	0.00000000000000e+00	9.62702038982389e+01	0.00000000000000e+00	1
24	29	26	27	0.00000000000000e+00	0.00000000000000e+00	0.00000000000000e+00	0.00000000000000e+00	1.82415057305214e+01	0.00000000000000e+00	9.77548943011974e+01	0.00000000000000e+00	1
25	30	27	28	0.00000000000000e+00	0.00000000000000e+00	0.00000000000000e+00	0.00000000000000e+00	1.82415057305214e+01	0.00000000000000e+00	9.87515833453995e+01	0.00000000000000e+00	1
26	31	28	29	0.00000000000000e+00	0.00000000000000e+00	0.00000000000000e+00	0.00000000000000e+00	1.82415057305213e+01	0.00000000000000e+00	9.94451129024259e+01	0.00000000000000e+00	1
27	32	29	30	0.00000000000000e+00	0.00000000000000e+00	0.00000000000000e+00	0.00000000000000e+00	1.82415057305213e+01	0.00000000000000e+00	9.99077683632376e+01	0.00000000000000e+00	1
1	8	4	5	0.00000000000000e+00	0.00000000000000e+00	0.00000000000000e+00	0.00000000000000e+00	3.64830114610427e+01	0.00000000000000e+00	1.01408112315165e+02	0.00000000000000e+00	1
2	9	5	6	0.00000000000000e+00	0.00000000000000e+00	0.00000000000000e+00	0.00000000000000e+00	3.64830114610427e+01	0.00000000000000e+00	1.01337396061248e+02	0.00000000000000e+00	1
3	10	6	7	0.00000000000000e+00	0.00000000000000e+00	0.00000000000000e+00	0.00000000000000e+00	3.64830114610428e+01	0.00000000000000e+00	1.01247534940348e+02	0.00000000000000e+00	1
4	11	7	8	0.00000000000000e+00	0.00000000000000e+00	0.00000000000000e+00	0.00000000000000e+00	3.64830114610428e+01	0.00000000000000e+00	1.01125749090427e+02	0.00000000000000e+00	1
5	12	8	9	0.00000000000000e+00	0.00000000000000e+00	0.00000000000000e+00	0.00000000000000e+00	3.64830114610427e+01	0.00000000000000e+00	1.00930813261703e+02	0.00000000000000e+00	1
6	13	9	10	0.00000000000000e+00	0.00000000000000e+00	0.00000000000000e+00	0.00000000000000e+00	3.64830114610427e+01	0.00000000000000e+00	1.00626690433167e+02	0.00000000000000e+00	1
7	14	10	11	0.00000000000000e+00	0.00000000000000e+00	0.00000000000000e+00	0.00000000000000e+00	3.64830114610428e+01	0.00000000000000e+00	1.00145810488190e+02	0.00000000000000e+00	1
8	15	11	12	0.00000000000000e+00	0.00000000000000e+00	0.00000000000000e+00	0.00000000000000e+00	3.64830114610428e+01	0.00000000000000e+00	9.93571948777079e+01	0.00000000000000e+00	1
9	16	12	13	0.00000000000000e+00	0.00000000000000e+00	0.00000000000000e+00	0.00000000000000e+00	3.64830114610427e+01	0.00000000000000e+00	9.79673531268119e+01	0.00000000000000e+00	1
10	17	13	14	0.00000000000000e+00	0.00000000000000e+00	0.00000000000000e+00	0.00000000000000e+00	3.64830114610427e+01	0.00000000000000e+00	9.55683435215754e+01	0.00000000000000e+00	1
11	18	14	15	0.00000000000000e+00	0.00000000000000e+00	0.00000000000000e+00	0.00000000000000e+00	3.64830114610428e+01	0.00000000000000e+00	9.18734024072777e+01	0.00000000000000e+00	1
12	19	15	16	0.00000000000000e+00	0.00000000000000e+00	0.00000000000000e+00	0.00000000000000e+00	3.64830114610428e+01	0.00000000000000e+00	8.77720042561259e+01	0.00000000000000e+00	1
13	20	16	17	0.00000000000000e+00	0.00000000000000e+00	0.00000000000000e+00	0.00000000000000e+00	3.64830114610427e+01	0.00000000000000e+00	8.50441510966033e+01	0.00000000000000e+00	1
14	21	17	18	0.00000000000000e+00	0.00000000000000e+00	0.00000000000000e+00	0.00000000000000e+00	3.64830114610427e+01	0.00000000000000e+00	8.29736590992578e+01	0.00000000000000e+00	1
15	22	18	19	0.00000000000000e+00	0.00000000000000e+00	0.00000000000000e+00	0.00000000000000e+00	3.64830114610427e+01	0.00000000000000e+00	7.86036199413019e+01	0.00000000000000e+00	1
16	23	19	20	0.00000000000000e+00	0.00000000000000e+00	0.00000000000000e+00	0.00000000000000e+00	3.64830114610428e+01	0.00000000000000e+00	7.20291642239927e+01	0.00000000000000e+00	1
17	24	20	21	0.00000000000000e+00	0.00000000000000e+00	0.00000000000000e+00	0.00000000000000e+00	3.64830114610427e+01	0.00000000000000e+00	6.86794214750618e+01	0.00000000000000e+00	1
18	25	21	22	0.00000000000000e+00	0.00000000000000e+00	0.00000000000000e+00	0.00000000000000e+00	3.64830114610427e+01	0.00000000000000e+00	7.05278483312190e+01	0.00000000000000e+00	1
19	26	22	23	0.00000000000000e+00	0.00000000000000e+00	0.00000000000000e+00	0.00000000000000e+00	3.64830114610428e+01	0.00000000000000e+00	7.61078920596677e+01	0.00000000000000e+00	1
20	27	23	24	0.00000000000000e+00	0.00000000000000e+00	0.00000000000000e+00	0.00000000000000e+00	3.64830114610427e+01	0.00000000000000e+00	8.27101164985731e+01	0.00000000000000e+00	1
21	28	24	25	0.00000000000000e+00	0.00000000000000e+00	0.00000000000000e+00	0.00000000000000e+00	3.64830114610427e+01	0.00000000000000e+00	8.81243181711566e+01	0.00000000000000e+00	1
22	29	25	26	0.00000000000000e+00	0.00000000000000e+00	0.00000000000000e+00	0.00000000000000e+00	3.64830114610427e+01	0.00000000000000e+00	9.20472540240965e+01	0.00000000000000e+00	1
23	30	26	27	0.00000000000000e+00	0.00000000000000e+00	0.00000000000000e+00	0.00000000000000e+00	3.64830114610427e+01	0.00000000000000e+00	9.47072655017289e+01	0.00000000000000e+00	1
24	31	27	28	0.00000000000000e+00	0.00000000000000e+00	0.00000000000000e+00	0.00000000000000e+00	3.64830114610428e+01	0.00000000000000e+00	9.66732269140619e+01	0.00000000000000e+00	1
25	32	28	29	0.00000000000000e+00	0.00000000000000e+00	0.00000000000000e+00	0.00000000000000e+00	3.64830114610427e+01	0.00000000000000e+00	9.82284749318307e+01	0.00000000000000e+00	1
1	10	5	6	0.00000000000000e+00	0.00000000000000e+00	0.00000000000000e+00	0.00000000000000e+00	6.08050191017379e+01	0.00000000000000e+00	1.02624603203064e+02	0.00000000000000e+00	1
2	11	6	7	0.00000000000000e+00	0.00000000000000e+00	0.00000000000000e+00	0.00000000000000e+00	6.08050191017380e+01	0.00000000000000e+00	1.02428017780973e+02	0.00000000000000e+00	1
3	12	7	8	0.00000000000000e+00	0.00000000000000e+00	0.00000000000000e+00	0.00000000000000e+00	6.08050191017380e+01	0.00000000000000e+00	1.02142258602474e+02	0.00000000000000e+00	1
4	13	8	9	0.00000000000000e+00	0.00000000000000e+00	0.00000000000000e+00	0.00000000000000e+00	6.08050191017379e+01	0.00000000000000e+00	1.01708786476774e+02	0.00000000000000e+00	1
5	14	9	10	0.00000000000000e+00	0.00000000000000e+00	0.00000000000000e+00	0.00000000000000e+00	6.08050191017379e+01	0.00000000000000e+00	1.01029897847023e+02	0.00000000000000e+00	1
6	15	10	11	0.00000000000000e+00	0.00000000000000e+00	0.00000000000000e+00	0.00000000000000e+00	6.08050191017380e+01	0.00000000000000e+00	9.99376510125783e+01	0.00000000000000e+00	1
7	16	11	12	0.00000000000000e+00	0.00000000000000e+00	0.00000000000000e+00	0.00000000000000e+00	6.08050191017380e+01	0.00000000000000e+00	9.81688864750505e+01	0.00000000000000e+00	1
8	17	12	13	0.00000000000000e+00	0.00000000000000e+00	0.00000000000000e+00	0.00000000000000e+00	6.08050191017379e+01	0.00000000000000e+00	9.52999619846282e+01	0.00000000000000e+00	1
9	18	13	14	0.00000000000000e+00	0.00000000000000e+00	0.00000000000000e+00	0.00000000000000e+00	6.08050191017379e+01	0.00000000000000e+00	9.12103900524168e+01	0.00000000000000e+00	1
10	19	14	15	0.00000000000000e+00	0.00000000000000e+00	0.00000000000000e+00	0.00000000000000e+00	6.08050191017380e+01	0.00000000000000e+00	8.71934543200551e+01	0.00000000000000e+00	1
11	20	15	16	0.00000000000000e+00	0.00000000000000e+00	0.00000000000000e+00	0.00000000000000e+00	6.08050191017380e+01	0.00000000000000e+00	8.48704267925766e+01	0.00000000000000e+00	1
12	21	16	17	0.00000000000000e+00	0.00000000000000e+00	0.00000000000000e+00	0.00000000000000e+00	6.08050191017379e+01	0.00000000000000e+00	8.33107879278179e+01	0.00000000000000e+00	1
13	22	17	18	0.00000000000000e+00	0.00000000000000e+00	0.00000000000000e+00	0.00000000000000e+00	6.08050191017379e+01	0.00000000000000e+00	7.99739398017279e+01	0.00000000000000e+00	1
14	23	18	19	0.00000000000000e+00	0.00000000000000e+00	0.00000000000000e+00	0.00000000000000e+00	6.08050191017378e+01	0.00000000000000e+00	7.25934596938677e+01	0.00000000000000e+00	1
15	24	19	20	0.00000000000000e+00	0.00000000000000e+00	0.00000000000000e+00	0.00000000000000e+00	6.08050191017381e+01	0.00000000000000e+00	6.42433321510814e+01	0.00000000000000e+00	1
16	25	20	21	0.00000000000000e+00	0.00000000000000e+00	0.00000000000000e+00	0.00000000000000e+00	6.08050191017379e+01	0.00000000000000e+00	6.10606351439839e+01	0.00000000000000e+00	1
17	26	21	22	0.00000000000000e+00	0.00000000000000e+00	0.00000000000000e+00	0.00000000000000e+00	6.08050191017379e+01	0.00000000000000e+00	6.30634788453067e+01	0.00000000000000e+00	1
18	27	22	23	0.00000000000000e+00	0.00000000000000e+00	0.00000000000000e+00	0.00000000000000e+00	6.08050191017382e+01	0.00000000000000e+00	6.85572306389771e+01	0.00000000000000e+00	1
19	28	23	24	0.00000000000000e+00	0.00000000000000e+00	0.00000000000000e+00	0.00000000000000e+00	6.08050191017378e+01	0.00000000000000e+00	7.61760773799008e+01	0.00000000000000e+00	1
20	29	24	25	0.00000000000000e+00	0.00000000000000e+00	0.00000000000000e+00	0.00000000000000e+00	6.08050191017379e+01	0.00000000000000e+00	8.35535734168792e+01	0.00000000000000e+00	1
21	30	25	26	0.00000000000000e+00	0.00000000000000e+00	0.00000000000000e+00	0.00000000000000e+00	6.08050191017379e+01	0.00000000000000e+00	8.88319233262348e+01	0.00000000000000e+00	1
22	31	26	27	0.00000000000000e+00	0.00000000000000e+00	0.00000000000000e+00	0.00000000000000e+00	6.08050191017378e+01	0.00000000000000e+00	9.20894693925058e+01	0.00000000000000e+00	1
23	32	27	28	0.00000000000000e+00	0.00000000000000e+00	0.00000000000000e+00	0.00000000000000e+00	6.08050191017382e+01	0.00000000000000e+00	9.44652459563000e+01	0.00000000000000e+00	1
1	12	6	7	0.00000000000000e+00	0.00000000000000e+00	0.00000000000000e+00	0.00000000000000e+00	9.12075286526070e+01	0.00000000000000e+00	1.04098831775453e+02	0.00000000000000e+00	1
2	13	7	8	0.00000000000000e+00	0.00000000000000e+00	0.00000000000000e+00	0.00000000000000e+00	9.12075286526070e+01	0.00000000000000e+00	1.03547174474271e+02	0.00000000000000e+00	1
3	14	8	9	0.00000000000000e+00	0.00000000000000e+00	0.00000000000000e+00	0.00000000000000e+00	9.12075286526068e+01	0.00000000000000e+00	1.02701768683447e+02	0.00000000000000e+00	1
4	15	9	10	0.00000000000000e+00	0.00000000000000e+00	0.00000000000000e+00	0.00000000000000e+00	9.12075286526068e+01	0.00000000000000e+00	1.01386763447285e+02	0.00000000000000e+00	1
5	16	10	11	0.00000000000000e+00	0.00000000000000e+00	0.00000000000000e+00	0.00000000000000e+00	9.12075286526070e+01	0.00000000000000e+00	9.93228537905514e+01	0.00000000000000e+00	1
6	17	11	12	0.00000000000000e+00	0.00000000000000e+00	0.00000000000000e+00	0.00000000000000e+00	9.12075286526070e+01	0.00000000000000e+00	9.62096324665202e+01	0.00000000000000e+00	1
7	18	12	13	0.00000000000000e+00	0.00000000000000e+00	0.00000000000000e+00	0.00000000000000e+00	9.12075286526068e+01	0.00000000000000e+00	9.21098237468559e+01	0.00000000000000e+00	1
8	19	13	14	0.00000000000000e+00	0.00000000000000e+00	0.00000000000000e+00	0.00000000000000e+00	9.12075286526069e+01	0.00000000000000e+00	8.84052377037892e+01	0.00000000000000e+00	1
9	20	14	15	0.00000000000000e+00	0.00000000000000e+00	0.00000000000000e+00	0.00000000000000e+00	9.12075286526070e+01	0.00000000000000e+00	8.67752560631382e+01	0.00000000000000e+00	1
10	21	15	16	0.00000000000000e+00	0.00000000000000e+00	0.00000000000000e+00	0.00000000000000e+00	9.12075286526070e+01	0.00000000000000e+00	8.62891604359701e+01	0.00000000000000e+00	1
11	22	16	17	0.00000000000000e+00	0.00000000000000e+00	0.00000000000000e+00	0.00000000000000e+00	9.12075286526068e+01	0.00000000000000e+00	8.48419406560694e+01	0.00000000000000e+00	1
12	23	17	18	0.00000000000000e+00	0.00000000000000e+00	0.00000000000000e+00	0.00000000000000e+00	9.12075286526068e+01	0.00000000000000e+00	7.97842159636772e+01	0.00000000000000e+00	1
13	24	18	19	0.00000000000000e+00	0.00000000000000e+00	0.00000000000000e+00	0.00000000000000e+00	9.12075286526068e+01	0.00000000000000e+00	6.95518337372460e+01	0.00000000000000e+00	1
14	25	19	20	0.00000000000000e+00	0.00000000000000e+00	0.00000000000000e+00	0.00000000000000e+00	9.12075286526072e+01	0.00000000000000e+00	5.97117852409343e+01	0.00000000000000e+00	1
15	26	20	21	0.00000000000000e+00	0.00000000000000e+00	0.00000000000000e+00	0.00000000000000e+00	9.12075286526068e+01	0.00000000000000e+00	5.67904592801709e+01	0.00000000000000e+00	1
16	27	21	22	0.00000000000000e+00	0.00000000000000e+00	0.00000000000000e+00	0.00000000000000e+00	9.12075286526069e+01	0.00000000000000e+00	5.94799840972718e+01	0.00000000000000e+00	1
17	28	22	23	0.00000000000000e+00	0.00000000000000e+00	0.00000000000000e+00	0.00000000000000e+00	9.12075286526072e+01	0.00000000000000e+00	6.56371184770441e+01	0.00000000000000e+00	1
18	29	23	24	0.00000000000000e+00	0.00000000000000e+00	0.00000000000000e+00	0.00000000000000e+00	9.12075286526068e+01	0.00000000000000e+00	7.38537862212123e+01	0.00000000000000e+00	1
19	30	24	25	0.00000000000000e+00	0.00000000000000e+00	0.00000000000000e+00	0.00000000000000e+00	9.12075286526068e+01	0.00000000000000e+00	8.20774671063808e+01	0.00000000000000e+00	1
20	31	25	26	0.00000000000000e+00	0.00000000000000e+00	0.00000000000000e+00	0.00000000000000e+00	9.12075286526068e+01	0.00000000000000e+00	8.82014173868934e+01	0.00000000000000e+00	1
21	32	26	27	0.00000000000000e+00	0.00000000000000e+00	0.00000000000000e+00	0.00000000000000e+00	9.12075286526068e+01	0.00000000000000e+00	9.15972128932698e+01	0.00000000000000e+00	1
1	14	7	8	0.00000000000000e+00	0.00000000000000e+00	0.00000000000000e+00	0.00000000000000e+00	1.27690540113650e+02	0.00000000000000e+00	1.05079604447858e+02	0.00000000000000e+00	1
2	15	8	9	0.00000000000000e+00	0.00000000000000e+00	0.00000000000000e+00	0.00000000000000e+00	1.27690540113649e+02	0.00000000000000e+00	1.03599717707785e+02	0.00000000000000e+00	1
3	16	9	10	0.00000000000000e+00	0.00000000000000e+00	0.00000000000000e+00	0.00000000000000e+00	1.27690540113649e+02	0.00000000000000e+00	1.01361870194892e+02	0.00000000000000e+00	1
4	17	10	11	0.00000000000000e+00	0.00000000000000e+00	0.00000000000000e+00	0.00000000000000e+00	1.27690540113650e+02	0.00000000000000e+00	9.81297203750403e+01	0.00000000000000e+00	1
5	18	11	12	0.00000000000000e+00	0.00000000000000e+00	0.00000000000000e+00	0.00000000000000e+00	1.27690540113650e+02	0.00000000000000e+00	9.41875050091860e+01	0.00000000000000e+00	1
6	19	12	13	0.00000000000000e+00	0.00000000000000e+00	0.00000000000000e+00	0.00000000000000e+00	1.27690540113650e+02	0.00000000000000e+00	9.09572460496700e+01	0.00000000000000e+00	1
7	20	13	14	0.00000000000000e+00	0.00000000000000e+00	0.00000000000000e+00	0.00000000000000e+00	1.27690540113649e+02	0.00000000000000e+00	8.98088377495777e+01	0.00000000000000e+00	1
8	21	14	15	0.00000000000000e+00	0.00000000000000e+00	0.00000000000000e+00	0.00000000000000e+00	1.27690540113650e+02	0.00000000000000e+00	9.01810883367630e+01	0.00000000000000e+00	1
9	22	15	16	0.00000000000000e+00	0.00000000000000e+00	0.00000000000000e+00	0.00000000000000e+00	1.27690540113650e+02	0.00000000000000e+00	9.04481847840304e+01	0.00000000000000e+00	1
10	23	16	17	0.00000000000000e+00	0.00000000000000e+00	0.00000000000000e+00	0.00000000000000e+00	1.27690540113649e+02	0.00000000000000e+00	8.85593211961045e+01	0.00000000000000e+00	1
11	24	17	18	0.00000000000000e+00	0.00000000000000e+00	0.00000000000000e+00	0.00000000000000e+00	1.27690540113649e+02	0.00000000000000e+00	8.16021311907850e+01	0.00000000000000e+00	1
12	25	18	19	0.00000000000000e+00	0.00000000000000e+00	0.00000000000000e+00	0.00000000000000e+00	1.27690540113650e+02	0.00000000000000e+00	6.86705408108949e+01	0.00000000000000e+00	1
13	26	19	20	0.00000000000000e+00	0.00000000000000e+00	0.00000000000000e+00	0.00000000000000e+00	1.27690540113650e+02	0.00000000000000e+00	5.74250080819824e+01	0.00000000000000e+00	1
14	27	20	21	0.00000000000000e+00	0.00000000000000e+00	0.00000000000000e+00	0.00000000000000e+00	1.27690540113650e+02	0.00000000000000e+00	5.46564603312807e+01	0.00000000000000e+00	1
15	28	21	22	0.00000000000000e+00	0.00000000000000e+00	0.00000000000000e+00	0.00000000000000e+00	1.27690540113649e+02	0.00000000000000e+00	5.80396604448346e+01	0.00000000000000e+00	1
16	29	22	23	0.00000000000000e+00	0.00000000000000e+00	0.00000000000000e+00	0.00000000000000e+00	1.27690540113650e+02	0.00000000000000e+00	6.52742049265471e+01	0.00000000000000e+00	1
17	30	23	24	0.00000000000000e+00	0.00000000000000e+00	0.00000000000000e+00	0.00000000000000e+00	1.27690540113650e+02	0.00000000000000e+00	7.48136050004384e+01	0.00000000000000e+00	1
18	31	24	25	0.00000000000000e+00	0.00000000000000e+00	0.00000000000000e+00	0.00000000000000e+00	1.27690540113649e+02	0.00000000000000e+00	8.40784212849842e+01	0.00000000000000e+00	1
19	32	25	26	0.00000000000000e+00	0.00000000000000e+00	0.00000000000000e+00	0.00000000000000e+00	1.27690540113649e+02	0.00000000000000e+00	9.05966627842516e+01	0.00000000000000e+00	1
1	16	8	9	0.00000000000000e+00	0.00000000000000e+00	0.00000000000000e+00	0.00000000000000e+00	1.70254053484866e+02	0.00000000000000e+00	1.04117054758265e+02	0.00000000000000e+00	1
2	17	9	10	0.00000000000000e+00	0.00000000000000e+00	0.00000000000000e+00	0.00000000000000e+00	1.70254053484866e+02	0.00000000000000e+00	1.00890847581126e+02	0.00000000000000e+00	1
3	18	10	11	0.00000000000000e+00	0.00000000000000e+00	0.00000000000000e+00	0.00000000000000e+00	1.70254053484866e+02	0.00000000000000e+00	9.71460999183582e+01	0.00000000000000e+00	1
4	19	11	12	0.00000000000000e+00	0.00000000000000e+00	0.00000000000000e+00	0.00000000000000e+00	1.70254053484866e+02	0.00000000000000e+00	9.43786829195949e+01	0.00000000000000e+00	1
5	20	12	13	0.00000000000000e+00	0.00000000000000e+00	0.00000000000000e+00	0.00000000000000e+00	1.70254053484866e+02	0.00000000000000e+00	9.37027330837278e+01	0.00000000000000e+00	1
6	21	13	14	0.00000000000000e+00	0.00000000000000e+00	0.00000000000000e+00	0.00000000000000e+00	1.70254053484866e+02	0.00000000000000e+00	9.44816963018683e+01	0.00000000000000e+00	1
7	22	14	15	0.00000000000000e+00	0.00000000000000e+00	0.00000000000000e+00	0.00000000000000e+00	1.70254053484866e+02	0.00000000000000e+00	9.57877108284528e+01	0.00000000000000e+00	1
8	23	15	16	0.00000000000000e+00	0.00000000000000e+00	0.00000000000000e+00	0.00000000000000e+00	1.70254053484866e+02	0.00000000000000e+00	9.62179601317622e+01	0.00000000000000e+00	1
9	24	16	17	0.00000000000000e+00	0.00000000000000e+00	0.00000000000000e+00	0.00000000000000e+00	1.70254053484866e+02	0.00000000000000e+00	9.34944886087356e+01	0.00000000000000e+00	1
10	25	17	18	0.00000000000000e+00	0.00000000000000e+00	0.00000000000000e+00	0.00000000000000e+00	1.70254053484866e+02	0.00000000000000e+00	8.44911822406835e+01	0.00000000000000e+00	1
11	26	18	19	0.00000000000000e+00	0.00000000000000e+00	0.00000000000000e+00	0.00000000000000e+00	1.70254053484866e+02	0.00000000000000e+00	6.90205585599462e+01	0.00000000000000e+00	1
12	27	19	20	0.00000000000000e+00	0.00000000000000e+00	0.00000000000000e+00	0.00000000000000e+00	1.70254053484866e+02	0.00000000000000e+00	5.64908355443699e+01	0.00000000000000e+00	1
13	28	20	21	0.00000000000000e+00	0.00000000000000e+00	0.00000000000000e+00	0.00000000000000e+00	1.70254053484866e+02	0.00000000000000e+00	5.38261696711170e+01	0.00000000000000e+00	1
14	29	21	22	0.00000000000000e+00	0.00000000000000e+00	0.00000000000000e+00	0.00000000000000e+00	1.70254053484866e+02	0.00000000000000e+00	5.78093420857254e+01	0.00000000000000e+00	1
15	30	22	23	0.00000000000000e+00	0.00000000000000e+00	0.00000000000000e+00	0.00000000000000e+00	1.70254053484867e+02	0.00000000000000e+00	6.60988706710405e+01	0.00000000000000e+00	1
16	31	23	24	0.00000000000000e+00	0.00000000000000e+00	0.00000000000000e+00	0.00000000000000e+00	1.70254053484866e+02	0.00000000000000e+00	7.72063447453764e+01	0.00000000000000e+00	1
17	32	24	25	0.00000000000000e+00	0.00000000000000e+00	0.00000000000000e+00	0.00000000000000e+00	1.70254053484866e+02	0.00000000000000e+00	8.81287659295125e+01	0.00000000000000e+00	1
1	18	9	10	0.00000000000000e+00	0.00000000000000e+00	0.00000000000000e+00	0.00000000000000e+00	2.18898068766257e+02	0.00000000000000e+00	1.00807812537317e+02	0.00000000000000e+00	1
2	19	10	11	0.00000000000000e+00	0.00000000000000e+00	0.00000000000000e+00	0.00000000000000e+00	2.18898068766257e+02	0.00000000000000e+00	9.84123460099018e+01	0.00000000000000e+00	1
3	20	11	12	0.00000000000000e+00	0.00000000000000e+00	0.00000000000000e+00	0.00000000000000e+00	2.18898068766257e+02	0.00000000000000e+00	9.81113259997015e+01	0.00000000000000e+00	1
4	21	12	13	0.00000000000000e+00	0.00000000000000e+00	0.00000000000000e+00	0.00000000000000e+00	2.18898068766257e+02	0.00000000000000e+00	9.92196754044707e+01	0.00000000000000e+00	1
5	22	13	14	0.00000000000000e+00	0.00000000000000e+00	0.00000000000000e+00	0.00000000000000e+00	2.18898068766257e+02	0.00000000000000e+00	1.00934712440010e+02	0.00000000000000e+00	1
6	23	14	15	0.00000000000000e+00	0.00000000000000e+00	0.00000000000000e+00	0.00000000000000e+00	2.18898068766257e+02	0.00000000000000e+00	1.02595270846519e+02	0.00000000000000e+00	1
7	24	15	16	0.00000000000000e+00	0.00000000000000e+00	0.00000000000000e+00	0.00000000000000e+00	2.18898068766257e+02	0.00000000000000e+00	1.02713135953398e+02	0.00000000000000e+00	1
8	25	16	17	0.00000000000000e+00	0.00000000000000e+00	0.00000000000000e+00	0.00000000000000e+00	2.18898068766257e+02	0.00000000000000e+00	9.88227993666236e+01	0.00000000000000e+00	1
9	26	17	18	0.00000000000000e+00	0.00000000000000e+00	0.00000000000000e+00	0.00000000000000e+00	2.18898068766257e+02	0.00000000000000e+00	8.77677771050376e+01	0.00000000000000e+00	1
10	27	18	19	0.00000000000000e+00	0.00000000000000e+00	0.00000000000000e+00	0.00000000000000e+00	2.18898068766257e+02	0.00000000000000e+00	7.00439115833203e+01	0.00000000000000e+00	1
11	28	19	20	0.00000000000000e+00	0.00000000000000e+00	0.00000000000000e+00	0.00000000000000e+00	2.18898068766257e+02	0.00000000000000e+00	5.63785796463316e+01	0.00000000000000e+00	1
12	29	20	21	0.00000000000000e+00	0.00000000000000e+00	0.00000000000000e+00	0.00000000000000e+00	2.18898068766257e+02	0.00000000000000e+00	5.37742217263800e+01	0.00000000000000e+00	1
13	30	21	22	0.00000000000000e+00	0.00000000000000e+00	0.00000000000000e+00	0.00000000000000e+00	2.18898068766257e+02	0.00000000000000e+00	5.83177045631701e+01	0.00000000000000e+00	1
14	31	22	23	0.00000000000000e+00	0.00000000000000e+00	0.00000000000000e+00	0.00000000000000e+00	2.18898068766257e+02	0.00000000000000e+00	6.75530970707571e+01	0.00000000000000e+00	1
15	32	23	24	0.00000000000000e+00	0.00000000000000e+00	0.00000000000000e+00	0.00000000000000e+00	2.18898068766257e+02	0.00000000000000e+00	8.01167015269627e+01	0.00000000000000e+00	1
1	20	10	11	0.00000000000000e+00	0.00000000000000e+00	0.00000000000000e+00	0.00000000000000e+00	2.73622585957821e+02	0.00000000000000e+00	1.02877779237899e+02	0.00000000000000e+00	1
2	21	11	12	0.00000000000000e+00	0.00000000000000e+00	0.00000000000000e+00	0.00000000000000e+00	2.73622585957821e+02	0.00000000000000e+00	1.04205654115289e+02	0.00000000000000e+00	1
3	22	12	13	0.00000000000000e+00	0.00000000000000e+00	0.00000000000000e+00	0.00000000000000e+00	2.73622585957820e+02	0.00000000000000e+00	1.06177852685499e+02	0.00000000000000e+00	1
4	23	13	14	0.00000000000000e+00	0.00000000000000e+00	0.00000000000000e+00	0.00000000000000e+00	2.73622585957821e+02	0.00000000000000e+00	1.08285644648812e+02	0.00000000000000e+00	1
5	24	14	15	0.00000000000000e+00	0.00000000000000e+00	0.00000000000000e+00	0.00000000000000e+00	2.73622585957821e+02	0.00000000000000e+00	1.09818881844406e+02	0.00000000000000e+00	1
6	25	15	16	0.00000000000000e+00	0.00000000000000e+00	0.00000000000000e+00	0.00000000000000e+00	2.73622585957821e+02	0.00000000000000e+00	1.09231602133481e+02	0.00000000000000e+00	1
7	26	16	17	0.00000000000000e+00	0.00000000000000e+00	0.00000000000000e+00	0.00000000000000e+00	2.73622585957820e+02	0.00000000000000e+00	1.04043846359509e+02	0.00000000000000e+00	1
8	27	17	18	0.00000000000000e+00	0.00000000000000e+00	0.00000000000000e+00	0.00000000000000e+00	2.73622585957821e+02	0.00000000000000e+00	9.11418152195223e+01	0.00000000000000e+00	1
9	28	18	19	0.00000000000000e+00	0.00000000000000e+00	0.00000000000000e+00	0.00000000000000e+00	2.73622585957821e+02	0.00000000000000e+00	7.14617329207485e+01	0.00000000000000e+00	1
10	29	19	20	0.00000000000000e+00	0.00000000000000e+00	0.00000000000000e+00	0.00000000000000e+00	2.73622585957822e+02	0.00000000000000e+00	5.67967904193560e+01	0.00000000000000e+00	1
11	30	20	21	0.00000000000000e+00	0.00000000000000e+00	0.00000000000000e+00	0.00000000000000e+00	2.73622585957820e+02	0.00000000000000e+00	5.42254133899020e+01	0.00000000000000e+00	1
12	31	21	22	0.00000000000000e+00	0.00000000000000e+00	0.00000000000000e+00	0.00000000000000e+00	2.73622585957821e+02	0.00000000000000e+00	5.92640281633739e+01	0.00000000000000e+00	1
13	32	22	23	0.00000000000000e+00	0.00000000000000e+00	0.00000000000000e+00	0.00000000000000e+00	2.73622585957822e+02	0.00000000000000e+00	6.93877423721328e+01	0.00000000000000e+00	1
1	22	11	12	0.00000000000000e+00	0.00000000000000e+00	0.00000000000000e+00	0.00000000000000e+00	3.34427605059559e+02	0.00000000000000e+00	1.11471996612613e+02	0.00000000000000e+00	1
2	23	12	13	0.00000000000000e+00	0.00000000000000e+00	0.00000000000000e+00	0.00000000000000e+00	3.34427605059558e+02	0.00000000000000e+00	1.13801077460164e+02	0.00000000000000e+00	1
3	24	13	14	0.00000000000000e+00	0.00000000000000e+00	0.00000000000000e+00	0.00000000000000e+00	3.34427605059558e+02	0.00000000000000e+00	1.15833810229868e+02	0.00000000000000e+00	1
4	25	14	15	0.00000000000000e+00	0.00000000000000e+00	0.00000000000000e+00	0.00000000000000e+00	3.34427605059559e+02	0.00000000000000e+00	1.16845529980066e+02	0.00000000000000e+00	1
5	26	15	16	0.00000000000000e+00	0.00000000000000e+00	0.00000000000000e+00	0.00000000000000e+00	3.34427605059559e+02	0.00000000000000e+00	1.15393961248069e+02	0.00000000000000e+00	1
6	27	16	17	0.00000000000000e+00	0.00000000000000e+00	0.00000000000000e+00	0.00000000000000e+00	3.34427605059559e+02	0.00000000000000e+00	1.09039076955226e+02	0.00000000000000e+00	1
7	28	17	18	0.00000000000000e+00	0.00000000000000e+00	0.00000000000000e+00	0.00000000000000e+00	3.34427605059558e+02	0.00000000000000e+00	9.45456386081911e+01	0.00000000000000e+00	1
8	29	18	19	0.00000000000000e+00	0.00000000000000e+00	0.00000000000000e+00	0.00000000000000e+00	3.34427605059559e+02	0.00000000000000e+00	7.31435719185160e+01	0.00000000000000e+00	1
9	30	19	20	0.00000000000000e+00	0.00000000000000e+00	0.00000000000000e+00	0.00000000000000e+00	3.34427605059560e+02	0.00000000000000e+00	5.75665711254759e+01	0.00000000000000e+00	1
10	31	20	21	0.00000000000000e+00	0.00000000000000e+00	0.00000000000000e+00	0.00000000000000e+00	3.34427605059558e+02	0.00000000000000e+00	5.50161639827222e+01	0.00000000000000e+00	1
11	32	21	22	0.00000000000000e+00	0.00000000000000e+00	0.00000000000000e+00	0.00000000000000e+00	3.34427605059558e+02	0.00000000000000e+00	6.05019338507566e+01	0.00000000000000e+00	1
1	24	12	13	0.00000000000000e+00	0.00000000000000e+00	0.00000000000000e+00	0.00000000000000e+00	4.01313126071470e+02	0.00000000000000e+00	1.21461693864004e+02	0.00000000000000e+00	1
2	25	13	14	0.00000000000000e+00	0.00000000000000e+00	0.00000000000000e+00	0.00000000000000e+00	4.01313126071470e+02	0.00000000000000e+00	1.23042096204704e+02	0.00000000000000e+00	1
3	26	14	15	0.00000000000000e+00	0.00000000000000e+00	0.00000000000000e+00	0.00000000000000e+00	4.01313126071470e+02	0.00000000000000e+00	1.23379297182181e+02	0.00000000000000e+00	1
4	27	15	16	0.00000000000000e+00	0.00000000000000e+00	0.00000000000000e+00	0.00000000000000e+00	4.01313126071470e+02	0.00000000000000e+00	1.21179022506109e+02	0.00000000000000e+00	1
5	28	16	17	0.00000000000000e+00	0.00000000000000e+00	0.00000000000000e+00	0.00000000000000e+00	4.01313126071470e+02	0.00000000000000e+00	1.13866364475733e+02	0.00000000000000e+00	1
6	29	17	18	0.00000000000000e+00	0.00000000000000e+00	0.00000000000000e+00	0.00000000000000e+00	4.01313126071470e+02	0.00000000000000e+00	9.79794760151086e+01	0.00000000000000e+00	1
7	30	18	19	0.00000000000000e+00	0.00000000000000e+00	0.00000000000000e+00	0.00000000000000e+00	4.01313126071470e+02	0.00000000000000e+00	7.50160219012802e+01	0.00000000000000e+00	1
8	31	19	20	0.00000000000000e+00	0.00000000000000e+00	0.00000000000000e+00	0.00000000000000e+00	4.01313126071471e+02	0.00000000000000e+00	5.85864455277581e+01	0.00000000000000e+00	1
9	32	20	21	0.00000000000000e+00	0.00000000000000e+00	0.00000000000000e+00	0.00000000000000e+00	4.01313126071470e+02	0.00000000000000e+00	5.60375389425641e+01	0.00000000000000e+00	1
1	26	13	14	0.00000000000000e+00	0.00000000000000e+00	0.00000000000000e+00	0.00000000000000e+00	4.74279148993556e+02	0.00000000000000e+00	1.29679853918686e+02	0.00000000000000e+00	1
2	27	14	15	0.00000000000000e+00	0.00000000000000e+00	0.00000000000000e+00	0.00000000000000e+00	4.74279148993557e+02	0.00000000000000e+00	1.29464828061221e+02	0.00000000000000e+00	1
3	28	15	16	0.00000000000000e+00	0.00000000000000e+00	0.00000000000000e+00	0.00000000000000e+00	4.74279148993557e+02	0.00000000000000e+00	1.26710495908110e+02	0.00000000000000e+00	1
4	29	16	17	0.00000000000000e+00	0.00000000000000e+00	0.00000000000000e+00	0.00000000000000e+00	4.74279148993556e+02	0.00000000000000e+00	1.18599515505115e+02	0.00000000000000e+00	1
5	30	17	18	0.00000000000000e+00	0.00000000000000e+00	0.00000000000000e+00	0.00000000000000e+00	4.74279148993556e+02	0.00000000000000e+00	1.01449619695249e+02	0.00000000000000e+00	1
6	31	18	19	0.00000000000000e+00	0.00000000000000e+00	0.00000000000000e+00	0.00000000000000e+00	4.74279148993555e+02	0.00000000000000e+00	7.70301955627440e+01	0.00000000000000e+00	1
7	32	19	20	0.00000000000000e+00	0.00000000000000e+00	0.00000000000000e+00	0.00000000000000e+00	4.74279148993557e+02	0.00000000000000e+00	5.97940493762544e+01	0.00000000000000e+00	1
1	28	14	15	0.00000000000000e+00	0.00000000000000e+00	0.00000000000000e+00	0.00000000000000e+00	5.53325673825815e+02	0.00000000000000e+00	1.35264256824447e+02	0.00000000000000e+00	1
2	29	15	16	0.00000000000000e+00	0.00000000000000e+00	0.00000000000000e+00	0.00000000000000e+00	5.53325673825815e+02	0.00000000000000e+00	1.32101051558853e+02	0.00000000000000e+00	1
3	30	16	17	0.00000000000000e+00	0.00000000000000e+00	0.00000000000000e+00	0.00000000000000e+00	5.53325673825814e+02	0.00000000000000e+00	1.23287407015010e+02	0.00000000000000e+00	1
4	31	17	18	0.00000000000000e+00	0.00000000000000e+00	0.00000000000000e+00	0.00000000000000e+00	5.53325673825814e+02	0.00000000000000e+00	1.04957613770914e+02	0.00000000000000e+00	1
5	32	18	19	0.00000000000000e+00	0.00000000000000e+00	0.00000000000000e+00	0.00000000000000e+00	5.53325673825814e+02	0.00000000000000e+00	7.91562354277525e+01	0.00000000000000e+00	1
1	30	15	16	0.00000000000000e+00	0.00000000000000e+00	0.00000000000000e+00	0.00000000000000e+00	6.38452700568249e+02	0.00000000000000e+00	1.37417799290065e+02	0.00000000000000e+00	1
2	31	16	17	0.00000000000000e+00	0.00000000000000e+00	0.00000000000000e+00	0.00000000000000e+00	6.38452700568248e+02	0.00000000000000e+00	1.27958970528326e+02	0.00000000000000e+00	1
3	32	17	18	0.00000000000000e+00	0.00000000000000e+00	0.00000000000000e+00	0.00000000000000e+00	6.38452700568248e+02	0.00000000000000e+00	1.08509331671865e+02	0.00000000000000e+00	1
1	32	16	17	0.00000000000000e+00	0.00000000000000e+00	0.00000000000000e+00	0.00000000000000e+00	7.29660229220854e+02	0.00000000000000e+00	1.32634621453738e+02	0.00000000000000e+00	1
0
